[process]	
   Unnamed: 0  HeartDisease  BMI  Smoking  AlcoholDrinking  Stroke  PhysicalHealth  ...  AgeCategory  Race  Diabetic  SleepTime  Asthma  KidneyDisease  SkinCancer
0           0             0  0.0        1                0       0               3  ...            7     0         1          5       1              0           1
1           1             0  1.0        0                0       1               0  ...           12     0         0          7       0              0           0
2           2             0  2.0        1                0       0              20  ...            9     0         1          8       1              0           0
3           3             0  1.0        0                0       0               0  ...           11     0         0          6       0              0           1
4           4             0  1.0        0                0       0              28  ...            4     0         0          8       0              0           0

[5 rows x 17 columns]
[correlations matrix]	
                 Unnamed: 0  HeartDisease       BMI   Smoking  AlcoholDrinking    Stroke  ...      Race  Diabetic  SleepTime    Asthma  KidneyDisease  SkinCancer
Unnamed: 0         1.000000     -0.001826  0.014238 -0.016629        -0.006074 -0.005542  ... -0.002467 -0.004449  -0.009415  0.003952      -0.003402   -0.020131
HeartDisease      -0.001826      1.000000  0.052691  0.107764        -0.032080  0.196835  ... -0.029538  0.124840   0.008327  0.041444       0.145197    0.093317
BMI                0.014238      0.052691  1.000000  0.025865        -0.035638  0.019781  ...  0.010044  0.151613  -0.044464  0.065294       0.042156   -0.023162
Smoking           -0.016629      0.107764  0.025865  1.000000         0.111768  0.061226  ... -0.035675  0.040489  -0.030336  0.024149       0.034920    0.033977
AlcoholDrinking   -0.006074     -0.032080 -0.035638  0.111768         1.000000 -0.019858  ... -0.019183 -0.046021  -0.005065 -0.002202      -0.028280   -0.005702
Stroke            -0.005542      0.196835  0.019781  0.061226        -0.019858  1.000000  ... -0.002606  0.076849   0.011900  0.038866       0.091167    0.048116
PhysicalHealth    -0.000767      0.170721  0.074020  0.115352        -0.017254  0.137014  ...  0.007877  0.118268  -0.061387  0.117907       0.142197    0.041700
MentalHealth      -0.000496      0.028591  0.031299  0.085157         0.051282  0.046467  ...  0.029929  0.033609  -0.119717  0.114008       0.037281   -0.033412
DiffWalking       -0.003547      0.201258  0.133570  0.120074        -0.035328  0.174143  ...  0.006490  0.160151  -0.022216  0.103222       0.153064    0.064840
Sex                0.003571      0.070040  0.071192  0.085052         0.004200 -0.003091  ...  0.000859 -0.034567  -0.015704 -0.069191      -0.009084    0.013434
AgeCategory       -0.016872      0.233432  0.022883  0.128331        -0.059528  0.137822  ... -0.172655  0.151719   0.104953 -0.058108       0.123190    0.263537
Race              -0.002467     -0.029538  0.010044 -0.035675        -0.019183 -0.002606  ...  1.000000  0.044772  -0.043224  0.026669      -0.007962   -0.110215
Diabetic          -0.004449      0.124840  0.151613  0.040489        -0.046021  0.076849  ...  0.044772  1.000000  -0.005841  0.046791       0.103963    0.023359
SleepTime         -0.009415      0.008327 -0.044464 -0.030336        -0.005065  0.011900  ... -0.043224 -0.005841   1.000000 -0.048245       0.006238    0.041266
Asthma             0.003952      0.041444  0.065294  0.024149        -0.002202  0.038866  ...  0.026669  0.046791  -0.048245  1.000000       0.039707   -0.000396
KidneyDisease     -0.003402      0.145197  0.042156  0.034920        -0.028280  0.091167  ... -0.007962  0.103963   0.006238  0.039707       1.000000    0.061816
SkinCancer        -0.020131      0.093317 -0.023162  0.033977        -0.005702  0.048116  ... -0.110215  0.023359   0.041266 -0.000396       0.061816    1.000000

[17 rows x 17 columns]
[process]	
   Unnamed: 0  HeartDisease  BMI  Smoking  AlcoholDrinking  Stroke  PhysicalHealth  ...  AgeCategory  Race  Diabetic  SleepTime  Asthma  KidneyDisease  SkinCancer
0           0             0  0.0        1                0       0               3  ...            7     0         1          5       1              0           1
1           1             0  1.0        0                0       1               0  ...           12     0         0          7       0              0           0
2           2             0  2.0        1                0       0              20  ...            9     0         1          8       1              0           0
3           3             0  1.0        0                0       0               0  ...           11     0         0          6       0              0           1
4           4             0  1.0        0                0       0              28  ...            4     0         0          8       0              0           0

[5 rows x 17 columns]
[correlations matrix]	
                 Unnamed: 0  HeartDisease       BMI   Smoking  AlcoholDrinking    Stroke  ...      Race  Diabetic  SleepTime    Asthma  KidneyDisease  SkinCancer
Unnamed: 0         1.000000     -0.001826  0.014238 -0.016629        -0.006074 -0.005542  ... -0.002467 -0.004449  -0.009415  0.003952      -0.003402   -0.020131
HeartDisease      -0.001826      1.000000  0.052691  0.107764        -0.032080  0.196835  ... -0.029538  0.124840   0.008327  0.041444       0.145197    0.093317
BMI                0.014238      0.052691  1.000000  0.025865        -0.035638  0.019781  ...  0.010044  0.151613  -0.044464  0.065294       0.042156   -0.023162
Smoking           -0.016629      0.107764  0.025865  1.000000         0.111768  0.061226  ... -0.035675  0.040489  -0.030336  0.024149       0.034920    0.033977
AlcoholDrinking   -0.006074     -0.032080 -0.035638  0.111768         1.000000 -0.019858  ... -0.019183 -0.046021  -0.005065 -0.002202      -0.028280   -0.005702
Stroke            -0.005542      0.196835  0.019781  0.061226        -0.019858  1.000000  ... -0.002606  0.076849   0.011900  0.038866       0.091167    0.048116
PhysicalHealth    -0.000767      0.170721  0.074020  0.115352        -0.017254  0.137014  ...  0.007877  0.118268  -0.061387  0.117907       0.142197    0.041700
MentalHealth      -0.000496      0.028591  0.031299  0.085157         0.051282  0.046467  ...  0.029929  0.033609  -0.119717  0.114008       0.037281   -0.033412
DiffWalking       -0.003547      0.201258  0.133570  0.120074        -0.035328  0.174143  ...  0.006490  0.160151  -0.022216  0.103222       0.153064    0.064840
Sex                0.003571      0.070040  0.071192  0.085052         0.004200 -0.003091  ...  0.000859 -0.034567  -0.015704 -0.069191      -0.009084    0.013434
AgeCategory       -0.016872      0.233432  0.022883  0.128331        -0.059528  0.137822  ... -0.172655  0.151719   0.104953 -0.058108       0.123190    0.263537
Race              -0.002467     -0.029538  0.010044 -0.035675        -0.019183 -0.002606  ...  1.000000  0.044772  -0.043224  0.026669      -0.007962   -0.110215
Diabetic          -0.004449      0.124840  0.151613  0.040489        -0.046021  0.076849  ...  0.044772  1.000000  -0.005841  0.046791       0.103963    0.023359
SleepTime         -0.009415      0.008327 -0.044464 -0.030336        -0.005065  0.011900  ... -0.043224 -0.005841   1.000000 -0.048245       0.006238    0.041266
Asthma             0.003952      0.041444  0.065294  0.024149        -0.002202  0.038866  ...  0.026669  0.046791  -0.048245  1.000000       0.039707   -0.000396
KidneyDisease     -0.003402      0.145197  0.042156  0.034920        -0.028280  0.091167  ... -0.007962  0.103963   0.006238  0.039707       1.000000    0.061816
SkinCancer        -0.020131      0.093317 -0.023162  0.033977        -0.005702  0.048116  ... -0.110215  0.023359   0.041266 -0.000396       0.061816    1.000000

[17 rows x 17 columns]
[process]	
   Unnamed: 0  HeartDisease  BMI  Smoking  AlcoholDrinking  Stroke  PhysicalHealth  ...  AgeCategory  Race  Diabetic  SleepTime  Asthma  KidneyDisease  SkinCancer
0           0             0  0.0        1                0       0               3  ...            7     0         1          5       1              0           1
1           1             0  1.0        0                0       1               0  ...           12     0         0          7       0              0           0
2           2             0  2.0        1                0       0              20  ...            9     0         1          8       1              0           0
3           3             0  1.0        0                0       0               0  ...           11     0         0          6       0              0           1
4           4             0  1.0        0                0       0              28  ...            4     0         0          8       0              0           0

[5 rows x 17 columns]
[correlations matrix]	
                 Unnamed: 0  HeartDisease       BMI   Smoking  AlcoholDrinking    Stroke  ...      Race  Diabetic  SleepTime    Asthma  KidneyDisease  SkinCancer
Unnamed: 0         1.000000     -0.001826  0.014238 -0.016629        -0.006074 -0.005542  ... -0.002467 -0.004449  -0.009415  0.003952      -0.003402   -0.020131
HeartDisease      -0.001826      1.000000  0.052691  0.107764        -0.032080  0.196835  ... -0.029538  0.124840   0.008327  0.041444       0.145197    0.093317
BMI                0.014238      0.052691  1.000000  0.025865        -0.035638  0.019781  ...  0.010044  0.151613  -0.044464  0.065294       0.042156   -0.023162
Smoking           -0.016629      0.107764  0.025865  1.000000         0.111768  0.061226  ... -0.035675  0.040489  -0.030336  0.024149       0.034920    0.033977
AlcoholDrinking   -0.006074     -0.032080 -0.035638  0.111768         1.000000 -0.019858  ... -0.019183 -0.046021  -0.005065 -0.002202      -0.028280   -0.005702
Stroke            -0.005542      0.196835  0.019781  0.061226        -0.019858  1.000000  ... -0.002606  0.076849   0.011900  0.038866       0.091167    0.048116
PhysicalHealth    -0.000767      0.170721  0.074020  0.115352        -0.017254  0.137014  ...  0.007877  0.118268  -0.061387  0.117907       0.142197    0.041700
MentalHealth      -0.000496      0.028591  0.031299  0.085157         0.051282  0.046467  ...  0.029929  0.033609  -0.119717  0.114008       0.037281   -0.033412
DiffWalking       -0.003547      0.201258  0.133570  0.120074        -0.035328  0.174143  ...  0.006490  0.160151  -0.022216  0.103222       0.153064    0.064840
Sex                0.003571      0.070040  0.071192  0.085052         0.004200 -0.003091  ...  0.000859 -0.034567  -0.015704 -0.069191      -0.009084    0.013434
AgeCategory       -0.016872      0.233432  0.022883  0.128331        -0.059528  0.137822  ... -0.172655  0.151719   0.104953 -0.058108       0.123190    0.263537
Race              -0.002467     -0.029538  0.010044 -0.035675        -0.019183 -0.002606  ...  1.000000  0.044772  -0.043224  0.026669      -0.007962   -0.110215
Diabetic          -0.004449      0.124840  0.151613  0.040489        -0.046021  0.076849  ...  0.044772  1.000000  -0.005841  0.046791       0.103963    0.023359
SleepTime         -0.009415      0.008327 -0.044464 -0.030336        -0.005065  0.011900  ... -0.043224 -0.005841   1.000000 -0.048245       0.006238    0.041266
Asthma             0.003952      0.041444  0.065294  0.024149        -0.002202  0.038866  ...  0.026669  0.046791  -0.048245  1.000000       0.039707   -0.000396
KidneyDisease     -0.003402      0.145197  0.042156  0.034920        -0.028280  0.091167  ... -0.007962  0.103963   0.006238  0.039707       1.000000    0.061816
SkinCancer        -0.020131      0.093317 -0.023162  0.033977        -0.005702  0.048116  ... -0.110215  0.023359   0.041266 -0.000396       0.061816    1.000000

[17 rows x 17 columns]
[process]	
   Index  HeartDisease  BMI  Smoking  AlcoholDrinking  Stroke  PhysicalHealth  ...  AgeCategory  Race  Diabetic  SleepTime  Asthma  KidneyDisease  SkinCancer
0      0             0  0.0        1                0       0               3  ...            7     0         1          5       1              0           1
1      1             0  1.0        0                0       1               0  ...           12     0         0          7       0              0           0
2      2             0  2.0        1                0       0              20  ...            9     0         1          8       1              0           0
3      3             0  1.0        0                0       0               0  ...           11     0         0          6       0              0           1
4      4             0  1.0        0                0       0              28  ...            4     0         0          8       0              0           0

[5 rows x 17 columns]
[correlations matrix]	
                    Index  HeartDisease       BMI   Smoking  AlcoholDrinking    Stroke  ...      Race  Diabetic  SleepTime    Asthma  KidneyDisease  SkinCancer
Index            1.000000     -0.001826  0.014238 -0.016629        -0.006074 -0.005542  ... -0.002467 -0.004449  -0.009415  0.003952      -0.003402   -0.020131
HeartDisease    -0.001826      1.000000  0.052691  0.107764        -0.032080  0.196835  ... -0.029538  0.124840   0.008327  0.041444       0.145197    0.093317
BMI              0.014238      0.052691  1.000000  0.025865        -0.035638  0.019781  ...  0.010044  0.151613  -0.044464  0.065294       0.042156   -0.023162
Smoking         -0.016629      0.107764  0.025865  1.000000         0.111768  0.061226  ... -0.035675  0.040489  -0.030336  0.024149       0.034920    0.033977
AlcoholDrinking -0.006074     -0.032080 -0.035638  0.111768         1.000000 -0.019858  ... -0.019183 -0.046021  -0.005065 -0.002202      -0.028280   -0.005702
Stroke          -0.005542      0.196835  0.019781  0.061226        -0.019858  1.000000  ... -0.002606  0.076849   0.011900  0.038866       0.091167    0.048116
PhysicalHealth  -0.000767      0.170721  0.074020  0.115352        -0.017254  0.137014  ...  0.007877  0.118268  -0.061387  0.117907       0.142197    0.041700
MentalHealth    -0.000496      0.028591  0.031299  0.085157         0.051282  0.046467  ...  0.029929  0.033609  -0.119717  0.114008       0.037281   -0.033412
DiffWalking     -0.003547      0.201258  0.133570  0.120074        -0.035328  0.174143  ...  0.006490  0.160151  -0.022216  0.103222       0.153064    0.064840
Sex              0.003571      0.070040  0.071192  0.085052         0.004200 -0.003091  ...  0.000859 -0.034567  -0.015704 -0.069191      -0.009084    0.013434
AgeCategory     -0.016872      0.233432  0.022883  0.128331        -0.059528  0.137822  ... -0.172655  0.151719   0.104953 -0.058108       0.123190    0.263537
Race            -0.002467     -0.029538  0.010044 -0.035675        -0.019183 -0.002606  ...  1.000000  0.044772  -0.043224  0.026669      -0.007962   -0.110215
Diabetic        -0.004449      0.124840  0.151613  0.040489        -0.046021  0.076849  ...  0.044772  1.000000  -0.005841  0.046791       0.103963    0.023359
SleepTime       -0.009415      0.008327 -0.044464 -0.030336        -0.005065  0.011900  ... -0.043224 -0.005841   1.000000 -0.048245       0.006238    0.041266
Asthma           0.003952      0.041444  0.065294  0.024149        -0.002202  0.038866  ...  0.026669  0.046791  -0.048245  1.000000       0.039707   -0.000396
KidneyDisease   -0.003402      0.145197  0.042156  0.034920        -0.028280  0.091167  ... -0.007962  0.103963   0.006238  0.039707       1.000000    0.061816
SkinCancer      -0.020131      0.093317 -0.023162  0.033977        -0.005702  0.048116  ... -0.110215  0.023359   0.041266 -0.000396       0.061816    1.000000

[17 rows x 17 columns]
